,City,Latitude,Humidity,Temperature,Cloudiness,Wind Speed
0,Ushuaia,-54.81,74,37.4,40,11.41
1,Sitka,37.17,62,79.0,53,7.87
2,Portland,45.52,42,79.07,1,11.41
3,Punta Arenas,-53.16,86,41.0,90,26.4
4,Albany,42.65,53,69.08,40,10.29
5,Ishurdi,24.13,79,83.91,5,7.61
6,Thunder Bay,48.41,25,62.28,40,12.75
7,Teacapan,22.54,81,77.61,48,14.16
8,Puerto Ayora,-0.74,78,75.4,20,13.87
9,Tasiilaq,65.61,86,28.4,2,10.29
10,Astaneh-ye Ashrafiyeh,37.26,93,64.4,0,5.7
11,Lebu,8.96,80,58.89,91,4.12
12,Kununurra,-15.77,18,68.0,38,14.99
13,New Norfolk,-42.78,81,47.19,75,4.7
14,Carnarvon,-30.97,50,50.79,42,2.93
15,Parana,-7.52,88,80.6,20,2.46
16,East London,-33.02,50,59.07,0,4.59
17,Hobart,-42.88,70,47.21,75,6.93
18,Luanda,-8.83,83,71.6,40,3.36
19,Cidreira,-30.17,81,63.93,100,10.76
20,Jamestown,-33.21,76,52.77,34,4.83
21,Dikson,73.51,94,31.71,100,10.94
22,Yellowknife,62.45,57,50.0,90,16.11
23,Ribeira Grande,38.52,93,66.63,99,10.78
24,Saint Anthony,43.97,31,70.02,1,6.29
25,Tucuman,-17.17,67,55.47,24,1.25
26,Mahebourg,-20.41,88,71.96,75,4.7
27,Leningradskiy,69.38,92,32.43,6,10.11
28,Port Alfred,-33.59,84,62.01,18,3.0
29,Georgetown,6.8,83,78.69,75,11.41
30,Vangaindrano,-23.35,95,66.09,72,5.95
31,Rikitea,-23.12,79,73.83,100,23.4
32,Satka,55.04,96,56.01,83,5.99
33,Saint-Philippe,45.36,55,63.3,90,4.7
34,Port-Cartier,50.03,70,48.43,75,13.87
35,Thompson,55.74,45,46.4,75,9.17
36,Listvyanskiy,54.44,72,47.55,48,4.29
37,Coxim,-18.5,58,74.19,0,0.92
38,Chokurdakh,70.62,82,35.85,100,12.64
39,Bluff,-23.58,76,60.15,76,8.95
40,Provideniya,64.42,62,46.65,26,5.46
41,Touros,-5.2,83,78.8,0,6.93
42,Anadyr,64.73,60,42.37,0,15.66
43,Nago,45.88,63,62.98,0,5.82
44,Olinda,-2.03,70,82.49,75,6.93
45,Qaanaaq,77.48,91,27.03,100,7.16
46,Ujjain,23.17,42,84.2,2,9.17
47,Mount Isa,-20.73,36,60.8,0,16.11
48,Bay Roberts,47.58,100,39.65,90,3.56
49,Sinnamary,5.38,83,80.67,81,11.27
50,Kahului,20.89,78,77.11,90,15.73
51,Souillac,45.6,64,65.79,0,3.36
52,Grand Gaube,-20.01,88,72.21,75,4.7
53,Yar-Sale,66.83,89,27.21,68,10.2
54,Nyurba,63.29,39,59.43,0,5.91
55,Avarua,-21.21,74,82.4,1,17.22
56,Celestun,20.87,81,82.47,96,20.33
57,Upernavik,72.79,90,31.71,0,9.42
58,Mmabatho,-25.85,33,50.0,33,5.82
59,Yucca Valley,34.12,27,71.65,75,6.93
60,Pacific Grove,36.62,72,62.01,75,11.41
61,Sola,58.89,100,49.12,75,8.05
62,Kruisfontein,-34.0,93,55.65,79,5.55
63,Longyearbyen,78.22,69,33.8,0,5.82
64,Vaini,15.34,88,73.4,20,6.93
65,Vila Velha,-3.71,78,82.62,20,4.7
66,Busselton,-33.64,59,48.18,0,16.69
67,Bose,45.46,77,62.31,0,2.24
68,Hermanus,-34.42,97,54.12,89,12.66
69,Adrar,27.87,20,77.0,0,11.41
70,Okha,53.59,98,36.21,98,6.58
71,Mmathubudukwane,-24.61,66,50.0,0,4.7
72,Preobrazheniye,42.9,51,64.29,11,5.1
73,Haines Junction,60.75,26,56.01,63,8.68
74,Kachug,53.96,62,50.79,8,4.23
75,Saskylakh,71.97,63,44.31,0,8.39
76,Kingaroy,-26.54,100,57.07,75,8.05
77,Koslan,63.46,62,45.03,49,5.48
78,Quatre Cocos,-20.21,88,72.09,75,4.7
79,Mataura,-46.19,83,48.99,38,4.0
80,Nanortalik,60.14,86,35.67,5,3.78
81,Yurla,59.33,88,45.75,53,7.54
82,Harper,30.3,55,84.47,40,10.29
83,Dunedin,-45.87,80,46.0,91,15.01
84,Codrington,-28.95,82,64.09,90,8.05
85,Atuona,-9.8,76,81.93,9,11.27
86,Dingle,11.0,62,86.79,74,10.92
87,Castro,-42.48,81,51.8,90,14.99
88,Moerai,-22.43,76,75.81,0,13.56
89,Kapaa,22.08,65,81.9,1,14.99
90,Biak,-0.91,95,68.97,90,3.27
91,Francisco Sa,-16.48,61,70.23,0,6.42
92,Marrakesh,31.63,19,80.6,0,3.36
93,Mpulungu,-8.77,70,56.91,18,7.14
94,Puerto Cabezas,14.04,89,84.2,40,4.7
95,Pangnirtung,66.15,46,46.29,86,4.38
96,Rosarito,4.91,100,67.5,40,3.36
97,La Paz,24.15,36,78.8,5,13.87
98,Richards Bay,-28.77,84,67.53,0,6.64
99,Sitia,35.21,61,70.0,97,7.0
100,Bethel,60.79,87,54.52,75,12.75
101,Nyuksenitsa,60.41,76,43.77,5,4.74
102,Arcata,40.87,87,59.61,90,9.17
103,Palmer,-34.85,82,55.53,40,4.7
104,Hilo,19.71,61,75.92,75,13.87
105,Amurzet,47.69,95,51.15,99,4.41
106,Nikolskoye,59.7,54,56.28,75,4.47
107,Cape Town,-33.93,100,56.17,40,8.05
108,Bredasdorp,-34.53,93,53.22,62,4.7
109,Esperance,10.24,74,80.92,40,9.17
110,Krasnyy Chikoy,50.36,82,43.77,100,5.28
111,Kodiak,39.95,14,80.44,1,10.29
112,Egvekinot,66.32,60,38.37,59,4.0
113,Warmbad,50.67,82,56.73,0,2.24
114,Pueblo Nuevo,23.99,81,75.99,24,5.99
115,Ventspils,57.39,87,53.6,18,11.41
116,Faanui,-16.48,68,81.75,0,8.34
117,Summerland,49.6,27,85.95,75,11.41
118,Melission,40.77,77,64.54,20,2.24
119,Burnie,-41.05,74,50.18,50,1.01
120,Puro,13.13,72,86.07,44,6.15
121,Shingu,33.72,68,71.6,75,3.36
122,Muros,42.77,45,60.51,0,1.12
123,Salalah,17.01,74,84.2,20,3.36
124,Srednekolymsk,67.46,51,48.81,0,11.3
125,Ayni,39.39,86,42.15,6,2.37
126,Mopipi,-21.2,40,58.89,0,8.28
127,Tiksi,71.64,96,32.97,81,9.08
128,Tavda,58.04,75,50.43,63,5.73
129,Port Elizabeth,39.31,78,72.55,1,5.95
130,Eyl,7.98,74,78.87,100,11.12
131,Lavrentiya,65.58,53,51.87,2,3.31
132,Metro,-5.11,88,75.45,96,3.98
133,Camacha,33.08,100,74.37,20,13.87
134,Mingaora,34.78,30,64.11,81,12.1
135,Tuatapere,-46.13,83,48.99,38,4.0
136,Arica,-18.48,77,60.66,90,2.24
137,Ozernovskiy,51.5,75,49.35,96,7.02
138,Belaya Gora,68.54,37,60.15,0,7.58
139,La Romana,18.43,88,79.83,20,6.93
140,San Pedro,-33.68,70,55.0,32,1.01
141,Umm Lajj,25.02,60,87.69,45,10.07
142,Northam,51.04,100,57.42,20,5.82
143,Parys,-26.9,34,45.03,4,1.83
144,Nishihara,35.74,78,74.39,75,5.82
145,Nome,30.04,62,86.34,1,3.36
146,Cherskiy,68.75,44,52.95,86,15.93
147,Bosanski Brod,45.14,100,59.34,75,2.24
148,Tukan,53.84,98,57.63,24,4.29
149,Lardos,36.09,83,70.16,20,11.41
150,Lokosovo,61.13,65,44.13,0,3.74
151,Halifax,44.65,71,51.75,90,9.17
152,Oyama,36.31,73,75.58,90,4.7
153,Smolensk,54.79,95,54.03,0,3.87
154,Comodoro Rivadavia,-45.87,93,42.8,0,2.24
155,Guerrero Negro,27.97,78,65.37,3,11.99
156,Zhigansk,66.77,53,60.69,55,6.93
157,Jalu,29.03,29,85.17,93,20.96
158,Saint George,39.45,72,59.85,40,4.68
159,Pevek,69.7,81,35.49,0,13.76
160,Xining,36.62,58,47.01,53,3.87
161,Severo-Kurilsk,50.68,92,41.07,100,14.85
162,Riyadh,24.63,13,84.2,0,4.7
163,Butaritari,3.07,72,84.09,52,6.06
164,Narsaq,60.91,56,42.8,7,12.75
165,Broken Hill,-31.97,81,48.2,40,14.99
166,Madikeri,12.42,100,80.6,75,3.36
167,Maceio,-9.67,88,73.4,0,4.7
168,Mineros,-17.12,100,64.4,90,13.87
169,Clyde River,70.47,97,35.6,1,4.7
170,Torbay,47.66,100,39.65,90,5.68
171,Mangai,-4.07,83,73.29,97,1.95
172,Hithadhoo,-0.6,78,83.91,84,10.09
173,Santa Isabel do Rio Negro,-0.41,95,75.27,82,1.9
174,Chuy,-33.69,71,60.51,11,8.25
175,Isiro,2.77,97,65.73,100,0.76
176,Mandurah,-32.55,33,56.68,0,4.7
177,Ahuimanu,21.44,62,84.33,75,16.11
178,Praia da Vitoria,38.73,88,69.35,75,14.18
179,Male,50.74,92,59.25,93,6.93
180,Pedasi,7.53,85,77.79,100,2.53
181,Petropavlovsk-Kamchatskiy,53.05,76,50.0,75,4.47
182,Hokitika,-42.72,39,50.79,0,4.07
183,Hovd,63.83,75,45.14,75,9.17
184,Mount Gambier,-37.83,93,50.0,75,6.93
185,Naze,5.43,100,75.2,75,5.17
186,Westport,53.8,100,57.38,100,15.99
187,Airai,-8.93,66,79.77,60,9.84
188,Sindor,62.87,73,43.77,0,5.61
189,Kibaya,-2.2,88,66.2,40,3.36
190,Oktyabrskiy,55.61,87,53.49,0,2.62
191,Baker City,44.77,36,77.56,1,4.7
192,Truro,50.26,93,57.88,90,13.87
193,Antofagasta,-23.65,77,59.0,90,9.17
194,Sanming,26.24,99,68.25,100,2.1
195,San Luis,-33.3,43,57.81,2,15.08
196,Lagoa Santa,-19.64,60,68.56,0,4.7
197,Esmeraldas,-19.76,72,68.61,0,0.81
198,Gavle,60.67,96,44.01,49,1.99
199,Kavaratti,10.57,65,85.89,94,2.42
200,Aragarcas,-15.9,51,75.09,0,3.44
201,Hobyo,5.35,74,80.31,100,18.54
202,Katsuura,33.93,82,68.23,75,5.82
203,Preili,56.29,84,56.19,78,7.67
204,Namibe,-15.19,79,67.53,0,8.61
205,Kalmunai,7.42,75,76.17,100,1.74
206,Hukuntsi,-23.98,30,58.53,0,4.9
207,Geraldton,49.72,65,46.4,75,8.05
208,Iqaluit,63.75,69,37.4,20,4.7
209,Cockburn Town,21.46,78,81.57,0,17.65
210,Chara,39.42,72,59.88,40,4.68
211,Arraial do Cabo,-22.97,88,74.55,5,0.43
212,Vostok,46.45,67,59.25,84,5.12
213,Kumluca,36.37,63,57.99,100,2.53
214,Moba,-7.04,83,59.25,2,4.76
215,Sibolga,1.74,75,81.75,100,5.01
216,Saldanha,41.42,41,64.83,15,3.24
217,Constitucion,23.99,38,72.19,90,3.36
218,Shelburne,44.08,100,60.28,75,3.36
219,Manta,45.1,85,54.03,6,5.32
220,Campos do Jordao,-22.74,83,68.79,20,2.24
221,Araouane,18.9,10,94.89,18,10.13
222,Santa Vitoria do Palmar,-33.52,78,57.27,46,5.35
223,Ambovombe,-25.18,77,72.93,10,27.72
224,Gympie,-26.2,89,62.01,70,4.0
225,Gander,48.95,100,45.27,75,5.82
226,Husavik,50.56,32,58.14,0,8.01
227,Marsh Harbour,26.54,78,80.85,0,2.1
228,Tadine,-21.55,73,72.93,100,16.6
229,Puerto del Rosario,28.5,69,73.4,0,6.93
230,Tacna,-18.01,82,60.94,90,10.29
231,Pochutla,15.74,94,78.66,90,2.86
232,Saint-Leu,-21.15,56,67.64,35,6.93
233,Bath,51.38,72,60.91,95,5.82
234,Souris,46.36,47,55.56,40,5.82
235,Caravelas,-17.73,86,76.89,0,6.4
236,San Jose de las Lajas,22.96,88,80.28,20,6.93
237,Viamao,-30.08,93,63.05,90,11.41
238,La Rioja,-29.41,76,46.83,0,4.03
239,Victoria,5.28,88,80.26,75,1.12
240,Poum,41.28,82,45.75,50,2.89
241,Kamaishi,39.28,60,68.0,40,5.82
242,Flinders,-34.58,58,61.45,2,9.17
243,Barrow,-38.31,54,52.59,8,9.98
244,Hirara,24.8,94,81.48,75,14.99
245,Makakilo City,21.35,62,84.29,75,16.11
246,Mar del Plata,-46.43,87,44.31,100,6.24
247,Puerto Escondido,15.86,94,77.0,90,4.85
248,Grand-Lahou,5.24,98,72.75,100,2.24
249,Sandakan,5.84,83,80.47,75,3.36
250,Deputatskiy,69.3,67,50.43,0,6.71
251,Fortuna,38.18,48,62.83,0,2.24
252,Abu Samrah,35.3,34,79.59,100,7.58
253,Miri,10.31,69,78.15,100,5.21
254,Benjamin Hill,30.17,25,90.0,0,3.0
255,Bambous Virieux,-20.34,88,72.0,75,4.7
256,Tsumeb,-19.25,31,59.97,1,7.38
257,Mareeba,-16.99,68,69.49,90,18.34
258,Kargasok,59.06,84,47.73,55,1.52
259,Alofi,-19.06,65,80.6,26,4.7
260,Peyima,8.69,99,73.29,100,2.82
261,Kankakee,41.12,53,69.94,75,12.75
262,Pucallpa,-8.38,78,82.4,20,1.12
263,Zaraza,9.35,82,78.69,100,5.5
264,Rabat,34.02,87,68.31,0,6.93
265,Salgado,-11.03,94,77.0,40,1.19
266,Iquitos,-3.75,83,80.6,0,3.36
267,Itoman,26.12,88,80.85,75,18.34
268,Purificacion,3.86,100,73.4,40,3.36
269,Pisco,-13.71,77,65.5,40,6.93
270,Junin,-16.45,50,53.6,0,8.05
271,Qasigiannguit,68.82,65,39.2,20,3.36
272,Harrisonville,38.65,54,80.26,1,6.93
273,Suntar,62.16,40,59.61,53,6.89
274,San Quintin,17.54,59,88.59,86,1.28
275,Vestmannaeyjar,63.44,74,43.05,78,13.38
276,Gat,14.69,88,69.8,20,16.11
277,Waipawa,-39.94,85,45.0,92,13.0
278,Pinawa,50.15,31,60.01,0,1.01
279,Jauharabad,32.29,22,88.05,0,6.58
280,Goderich,43.74,92,50.99,100,3.0
281,Ponta do Sol,-20.63,89,63.75,1,1.48
282,Linjiang,41.81,51,62.85,33,7.99
283,Wairoa,-39.04,72,52.0,83,21.99
284,Faya,18.39,82,59.0,40,11.41
285,Carira,-10.36,95,71.13,2,5.28
286,Tuktoyaktuk,69.44,60,42.8,20,18.34
287,Bathsheba,13.22,74,80.6,40,12.75
288,Samaipata,-18.18,98,59.61,97,2.68
289,Puerto Narino,-3.77,100,77.0,40,2.24
290,Yumen,40.29,15,69.87,25,3.67
291,Aswan,24.09,13,95.0,0,9.17
292,Kommunisticheskiy,61.68,49,51.87,67,8.72
293,Longyan,25.1,96,70.77,98,4.54
294,Norman Wells,65.28,71,53.6,90,2.24
295,Skjervoy,70.03,93,39.81,100,13.42
296,Brownfield,33.18,42,85.06,75,18.34
297,Kutum,14.2,16,83.19,76,4.81
298,Port Hardy,50.7,51,59.0,40,14.99
299,Ardakan,32.31,37,69.8,20,9.17
300,Mossendjo,-2.95,94,68.79,100,1.99
301,Saint-Louis,47.59,72,58.71,0,5.82
302,Tivaouane,14.95,88,69.8,20,16.11
303,Camopi,3.17,99,73.11,100,2.3
304,Asyut,27.18,37,84.2,0,18.34
305,Carahue,-38.71,100,53.6,90,5.82
306,Niono,14.25,8,99.93,92,9.24
307,Sioux Lookout,50.1,34,53.6,20,8.05
308,Mishelevka,52.86,62,52.59,76,6.4
309,Broceni,56.7,97,50.97,21,9.89
310,Port Macquarie,-31.43,77,64.69,26,8.05
311,Farkhor,37.49,78,70.7,75,2.24
312,Wang Saphung,17.3,94,80.1,75,5.82
313,Charters Towers,-20.07,64,63.75,79,15.7
314,Hambantota,6.12,100,78.8,90,6.93
315,Inhambane,-23.87,95,62.49,3,2.46
316,Wewak,-3.55,71,83.19,98,8.48
317,Ligayan,4.65,67,85.71,76,3.4
318,Mabaruma,8.2,98,74.19,91,2.59
319,Balti,47.76,93,54.88,67,3.36
320,Los Llanos de Aridane,28.66,88,68.0,0,11.41
321,Luderitz,-26.65,93,50.0,0,3.36
322,Ancud,-41.87,81,51.8,90,14.99
323,Erd,47.39,87,59.72,0,8.05
324,Saurimo,-9.66,42,61.77,52,5.21
325,Noumea,-22.28,78,71.6,75,4.7
326,Teguldet,57.31,66,43.77,100,2.82
327,Pecos,31.42,54,86.65,40,21.92
328,Suvorovo,43.33,82,65.19,75,13.87
329,Phulji,26.88,21,102.27,0,10.25
330,Svetlogorsk,53.14,93,59.0,20,4.47
331,Lakes Entrance,-37.88,92,51.19,83,5.08
332,College,64.86,87,52.88,90,5.82
333,Lorengau,-2.02,86,81.75,97,8.52
334,Santa Rosa,-36.62,48,52.95,20,6.4
335,Sault Sainte Marie,46.49,54,53.6,1,8.05
336,Palaia Fokaia,37.72,77,66.61,20,2.24
337,Ahipara,-35.17,100,55.0,81,22.59
338,Pinhao,-25.7,99,61.05,68,2.01
339,Taonan,45.34,54,63.21,2,10.16
340,Port Hedland,-20.31,17,64.4,0,18.34
341,Dillon,45.22,67,64.98,1,6.93
342,Leshukonskoye,64.9,62,45.75,19,7.18
343,Yacuiba,-22.01,100,57.2,90,1.97
344,Emerald,-23.53,48,62.26,90,11.41
345,The Valley,18.22,83,77.27,40,11.41
346,Lander,42.83,42,67.95,20,5.82
347,Aklavik,68.22,41,56.21,20,17.22
348,Corbelia,-24.8,98,63.03,99,4.63
349,Ilebo,-4.33,80,74.37,100,0.85
350,Sinnar,19.85,75,77.97,18,11.61
351,Coahuayana,18.62,31,96.51,100,0.43
352,Pombas,-15.9,57,74.55,13,1.61
353,Alice,27.75,62,87.73,1,9.17
354,Peruwelz,50.51,87,62.47,51,1.12
355,Belmonte,40.36,53,68.0,17,2.13
356,Ipixuna,-1.76,94,77.0,75,4.7
357,Fairbanks,64.84,87,52.9,90,5.82
358,Jacareacanga,-6.22,89,75.63,100,1.74
359,Tigzirt,36.57,67,56.73,0,4.99
360,Waddan,29.16,61,72.39,10,9.33
361,Quelimane,-17.88,98,64.11,1,3.85
362,Byron Bay,-28.65,82,66.2,75,11.41
363,Timmins,48.48,38,59.0,75,5.82
364,Penticton,49.49,27,85.95,75,11.41
365,Serra Talhada,-7.99,73,72.93,30,6.31
366,Lagoa,37.14,46,67.48,0,8.05
367,Cabo San Lucas,22.89,64,78.76,5,17.22
368,La Ronge,55.1,25,57.2,75,9.17
369,Andros Town,24.73,83,80.83,75,4.7
370,Sorland,67.67,89,43.41,56,19.26
371,Khatanga,71.98,81,41.79,93,7.14
372,San Buenaventura,27.06,37,93.0,3,8.01
373,Lulea,65.58,69,42.8,2,6.93
374,Jinxiang,35.07,26,86.0,0,14.47
375,Hamilton,43.26,100,61.56,90,4.7
376,Khani,41.96,93,60.8,0,3.36
377,Ajdabiya,30.75,79,70.23,83,14.79
378,San Cristobal,-0.39,87,54.68,75,8.05
379,Mananjary,-19.16,81,55.83,0,4.59
380,Catuday,16.29,73,87.33,68,9.71
381,Kaniama,-7.57,47,69.69,4,4.38
382,Tuni,-16.67,31,46.4,0,3.36
383,Qesarya,32.52,88,70.59,75,4.7
384,Linfen,36.09,23,79.23,0,7.94
385,Mindelo,41.31,82,62.74,0,3.36
386,Kloulklubed,7.04,88,82.4,75,6.93
387,Buraydah,26.33,26,84.2,0,4.7
388,Arlit,18.74,29,92.91,77,13.96
389,Coquimbo,-29.95,87,57.09,0,3.36
390,Troyes,48.3,93,58.15,0,1.12
391,Lincoln,53.23,82,63.54,79,10.29
392,Darnah,32.77,78,65.73,100,6.22
393,Hwange,-18.35,42,57.45,0,5.08
394,San Patricio,-26.98,95,62.49,98,6.73
395,Real,14.67,74,84.94,40,6.93
396,Khorramshahr,30.43,37,84.2,0,4.7
397,Willowmore,-33.3,70,51.33,17,4.21
398,Kalmar,56.66,67,56.7,13,12.75
399,Aksu,52.04,87,51.8,0,2.24
400,Nelson Bay,-32.72,93,57.31,75,8.05
401,Gamba,28.28,40,34.95,34,6.69
402,Samfya,-11.37,69,54.39,22,4.21
403,Mogadishu,2.04,82,77.61,100,10.13
404,Walvis Bay,-22.95,100,44.6,0,4.7
405,Ulundi,-28.29,74,46.11,0,3.42
406,Ukiah,39.15,47,73.45,20,5.82
407,Syedove,47.08,74,69.69,0,4.65
408,Bilopillya,51.15,88,57.45,72,6.42
409,Lillesand,58.25,87,50.41,34,4.7
410,Magistralnyy,56.17,60,49.71,54,2.33
411,Thisted,56.96,10,52.0,98,12.33
412,Lerwick,60.15,100,50.0,89,8.05
413,Gualeguay,-33.15,91,56.19,6,2.37
414,Sao Desiderio,-12.36,50,75.81,97,1.52
415,Iwanai,42.97,67,59.61,0,8.25
416,Lompoc,34.64,68,62.55,1,10.29
417,Koping,59.51,93,53.04,37,4.7
418,Rawson,-43.3,59,50.43,74,6.62
419,Mezokovacshaza,46.4,100,61.47,75,2.24
420,Klaksvik,62.23,87,42.8,88,12.75
421,Puerto Carreno,6.19,94,78.8,75,2.73
422,Dicabisagan,17.08,68,85.89,61,2.51
423,Rincon,32.3,31,83.53,1,2.71
424,Boshnyakovo,49.65,95,43.59,84,6.58
425,Wad Rawah,15.16,25,97.05,75,7.45
426,Tabuk,17.41,84,75.09,94,0.67
427,Meulaboh,4.14,79,80.31,99,6.13
428,Chakwal,32.93,47,75.2,0,5.82
429,San Joaquin,10.59,68,86.25,89,8.52
430,Talnakh,69.49,92,30.2,90,11.18
431,Nantucket,41.28,93,55.24,90,9.17
432,Trairi,-3.28,95,72.57,91,3.44
433,Sibu,2.29,94,75.45,75,4.7
434,Samana,0.12,83,80.6,75,2.24
435,Necochea,-38.55,89,48.99,12,5.99
436,Sao Geraldo do Araguaia,-6.4,95,73.11,50,3.91
437,Qaqortoq,60.72,56,42.8,7,12.75
438,Yerofey Pavlovich,53.97,40,63.03,37,2.57
439,Baykit,61.68,55,45.57,22,6.89
440,Tual,-5.67,80,82.29,79,21.0
441,Camacari,-12.7,78,78.8,20,4.7
442,Shahr-e Kord,32.33,62,53.6,0,6.93
443,Bandarbeyla,9.49,83,77.97,93,7.72
444,Charcas,23.13,30,77.43,12,18.7
445,Marawi,8.0,84,81.0,100,4.0
446,Abbeville,50.11,88,63.59,0,6.93
447,Castleblayney,54.12,93,55.22,75,11.41
448,Linares,-35.85,85,53.67,100,6.11
449,Romny,50.74,89,59.79,86,6.8
450,Formosa,-26.19,93,62.6,90,4.7
451,Samarai,-10.62,81,78.15,100,7.2
452,Tawau,4.26,94,77.41,75,2.24
453,Nizhniy Odes,63.64,84,45.03,8,5.28
454,Hals,48.59,87,57.06,20,2.24
455,Nemuro,43.32,56,68.0,40,8.05
456,Farah,32.37,27,82.11,0,6.6
457,Florence,34.8,51,80.13,1,4.7
458,Bilma,18.69,19,90.93,12,7.36
459,Ambanja,-13.68,70,78.87,76,5.53
460,Benjamin Constant,-4.38,83,77.88,75,2.24
461,Chalatenango,14.04,83,78.89,20,8.05
462,Astoria,46.19,82,60.22,90,17.22
463,Sharon,41.23,87,62.1,90,11.41
464,Alugan,12.22,76,85.53,44,7.07
465,Nikel,69.41,86,39.2,56,23.04
466,Gambela,8.25,80,68.07,85,5.06
467,Porto Novo,-23.68,88,68.0,0,2.24
468,Isangel,-19.55,65,77.0,75,9.17
469,Wasilla,61.58,62,55.44,75,8.05
470,Roseburg,43.22,20,80.96,1,12.75
471,Mehamn,71.03,95,38.37,100,12.88
472,Along,28.17,73,58.89,16,4.27
473,Vao,59.1,88,52.95,88,11.45
474,Coelho Neto,-4.25,85,75.81,88,2.33
475,Tautira,-17.73,62,86.0,20,9.17
476,Sao Jose dos Campos,-23.18,88,66.11,0,2.24
477,Kavieng,-2.57,74,84.99,33,12.64
478,Nerchinskiy Zavod,51.31,35,63.39,3,1.12
479,Vryheid,-27.77,57,44.31,0,2.35
480,Waitati,-45.75,79,46.0,91,15.99
481,Mandalgovi,45.76,43,48.09,0,20.71
482,Omaruru,-21.42,38,57.63,0,2.51
483,Nehe,48.48,62,59.79,0,9.53
484,Den Helder,52.96,82,62.67,90,6.93
485,Verkhnevilyuysk,63.45,41,59.97,0,4.9
486,Ust-Nera,64.57,46,57.63,68,6.89
487,Garowe,8.41,60,77.43,100,13.49
488,Dodoma,-6.18,71,68.25,28,5.21
489,Santa Maria,-29.69,100,60.8,90,2.24
490,Trat,12.25,94,86.04,20,1.5
491,Hualmay,-11.1,93,62.49,100,19.89
492,Broome,52.47,82,59.9,92,8.05
493,Qianan,44.99,59,64.29,2,7.34
494,Mbuguni,-3.55,100,64.27,75,6.24
495,Idappadi,9.71,88,80.6,40,4.7
496,Kandrian,-6.21,71,82.65,39,10.89
497,Jiaonan,35.88,64,75.45,0,11.18
498,Soyo,-6.13,81,76.89,85,12.06
499,Praia,-20.25,64,70.79,0,1.12
500,Calvinia,-31.47,88,50.97,29,1.86
501,Muli,22.62,70,84.45,0,13.2
502,Hasaki,35.73,73,73.04,75,2.24
503,Brae,60.4,100,50.0,89,14.99
504,İstisu,40.95,87,59.0,38,4.7
505,La Asuncion,-1.64,99,47.55,95,1.97
506,Maldonado,-34.91,87,53.6,75,4.7
507,Ginda,30.69,57,78.8,20,3.36
508,Masakin,15.32,44,81.39,99,4.76
509,Eisenach,50.98,77,58.68,0,8.05
510,Kula,45.61,100,59.0,75,2.24
511,Buluang,10.47,70,87.8,75,8.05
512,Vaitape,-16.52,68,81.75,0,8.34
513,Jinhua,29.11,84,73.65,56,1.77
514,Bambanglipuro,-7.95,82,79.59,72,13.29
515,Juneau,58.3,76,54.01,90,4.7
516,Ewa Beach,21.32,62,84.29,75,16.11
517,Butka,56.72,74,53.67,76,5.86
518,Bilibino,68.06,90,39.09,91,6.17
519,San Andres,13.32,71,85.53,45,3.85
520,Manaus,-3.13,94,77.0,0,2.24
521,Rapar,23.57,69,84.99,0,12.82
522,Lazo,47.89,95,60.33,67,6.76
523,Santo Amaro,-12.55,78,78.8,20,4.7
524,Altay,47.83,61,51.33,0,4.23
525,Grenaa,56.42,93,49.66,57,10.29
526,Delhi,28.65,55,93.36,40,10.29
527,Tjaereborg,55.46,100,50.07,86,2.24
528,Nouadhibou,20.93,88,64.4,0,11.41
529,Ossora,59.24,68,49.17,92,5.35
530,Dharampuri,22.17,57,87.87,2,10.51
531,Roald,62.58,87,42.93,99,4.7
532,Port Lincoln,-34.72,65,60.51,90,13.22
533,Nefteyugansk,61.09,87,42.8,0,2.24
534,Fez,34.03,26,70.63,0,10.29
535,Shamary,57.34,99,57.09,97,6.82
536,Trelew,-43.25,59,50.43,74,6.62
537,Moussoro,13.64,29,94.53,16,9.28
538,Yulara,-25.24,66,51.8,90,11.41
539,Santiago,-33.44,71,56.21,75,2.24
540,Kidal,18.44,10,92.73,100,12.55
541,Tabas,33.6,27,77.0,0,4.7
542,LOS ALGARROBOS,-3.25,78,85.53,75,5.82
543,Orlik,52.51,64,38.19,98,5.01
544,Neiafu,-18.65,69,80.6,40,3.36
545,Russkaya Polyana,53.78,87,55.47,20,2.3
546,Kaeo,-35.1,100,55.54,36,14.65
547,Kudahuvadhoo,2.67,77,84.27,90,12.41
548,Opuwo,-18.06,46,60.33,0,2.46
549,Moose Factory,51.26,65,46.4,1,10.29
550,Ballina,54.11,92,57.47,100,11.99
551,Erenhot,43.65,46,61.23,99,22.59
552,Bonavista,48.65,85,37.0,56,11.45
553,Havoysund,71.0,93,39.2,75,14.99
554,Merauke,-8.49,81,81.39,64,23.62
555,Honningsvag,70.98,95,38.73,99,13.8
556,Grindavik,63.84,75,44.91,40,5.82
557,Lazarev,52.23,97,39.27,100,8.55
558,Abha,18.22,82,59.0,40,11.41
559,Usinsk,66.0,94,47.37,100,4.16
560,Stokmarknes,68.56,86,43.0,100,5.01
561,Piotrkow Trybunalski,51.41,93,56.62,0,2.24
562,Ambilobe,-13.19,89,70.77,70,5.48
563,Alta Floresta,-9.87,70,76.71,1,3.04
564,Kushiro,43.11,59,66.2,20,11.41
565,Henties Bay,-22.12,86,56.37,0,11.3
566,Bulgan,48.81,64,47.91,36,2.26
567,Bac,45.39,100,59.63,75,2.24
568,Aksum,14.12,63,67.89,89,3.31
569,Taltal,-25.41,60,61.77,0,5.64
570,Bustamante,26.53,35,89.13,29,19.22
571,Atasu,48.68,60,66.09,31,6.26
572,Soria,41.76,66,59.0,100,2.33
573,Neuquen,-38.95,62,53.6,0,8.05
574,Vardo,39.62,57,73.6,1,4.7
575,Sisimiut,66.94,82,36.57,33,13.18
576,Oranjestad,12.52,78,82.4,20,12.75
577,Coolum Beach,-26.53,90,64.02,9,3.0
578,Petropavl,54.87,85,55.11,49,3.09
579,Avera,33.19,42,84.0,1,3.36
580,Shadrinsk,56.09,78,54.03,69,8.01
581,Awjilah,29.14,31,84.45,89,9.35
582,Bonthe,7.53,80,80.49,84,5.01
583,Aguilas,37.41,54,53.91,0,1.99
584,Mizque,-17.94,75,57.63,16,4.27
